1 0.5271 0.0525606 0.523035 0.0781671
7 0.0711382 0.909703 0.0121951 0.0350404
0 0.0149051 0.526954 0.0189702 0.326146
7 0.0670732 0.524259 0.0230352 0.0350404
7 0.0670732 0.138814 0.0230352 0.0350404
7 0.669377 0.963612 0.0677507 0.0404313
7 0.159214 0.960916 0.0745257 0.0350404
7 0.413279 0.96496 0.0704607 0.0377358
7 0.797425 0.960916 0.0907859 0.0350404
7 0.0670732 0.331536 0.0230352 0.032345
7 0.924119 0.96496 0.0650406 0.0431267
7 0.0670732 0.716981 0.0230352 0.032345
7 0.28523 0.96496 0.0663957 0.0431267
7 0.54065 0.96496 0.0596206 0.0431267
